{"accessors":[{"bufferView":0,"componentType":5126,"count":32997,"max":[71.09051513671875,18.38264274597168,31.981313705444336],"min":[39.125518798828125,-16.611547470092773,-0.5025485754013062],"type":"VEC3"},{"bufferView":1,"componentType":5126,"count":32997,"type":"VEC3"},{"bufferView":2,"componentType":5126,"count":32997,"type":"VEC2"},{"bufferView":3,"componentType":5125,"count":32997,"type":"SCALAR"}],"asset":{"generator":"Luxion KeyShot","version":"2.0"},"bufferViews":[{"buffer":0,"byteLength":395964,"byteOffset":0,"byteStride":12},{"buffer":0,"byteLength":395964,"byteOffset":395964,"byteStride":12},{"buffer":0,"byteLength":263976,"byteOffset":791928,"byteStride":8},{"buffer":0,"byteLength":131988,"byteOffset":1055904}],"buffers":[{"byteLength":1187892,"uri":"./page1obj_v3_resources/page1obj_v3.bin"}],"cameras":[{"name":"active","perspective":{"aspectRatio":1.0,"yfov":0.6911154697478635,"zfar":188.37962341308594,"znear":133.9737091064453},"type":"perspective"},{"name":"Perspective","perspective":{"aspectRatio":1.0,"yfov":0.6939498720960349,"zfar":102.87554168701172,"znear":47.66224670410156},"type":"perspective"},{"name":"Top","orthographic":{"xmag":103.0790023803711,"ymag":103.0790023803711,"zfar":82.05912780761719,"znear":42.414207458496094},"type":"orthographic"},{"name":"Back","orthographic":{"xmag":24.489900588989258,"ymag":24.489900588989258,"zfar":85.48667907714844,"znear":47.92847442626953},"type":"orthographic"},{"name":"Left","orthographic":{"xmag":55.903900146484375,"ymag":55.903900146484375,"zfar":116.12251281738281,"znear":84.15751647949219},"type":"orthographic"},{"name":"Perspective","perspective":{"aspectRatio":1.0,"yfov":0.6939498720960349,"zfar":96.14852905273438,"znear":40.49559783935547},"type":"perspective"},{"name":"Top","orthographic":{"xmag":103.0199966430664,"ymag":103.0199966430664,"zfar":81.61343383789063,"znear":41.96851348876953},"type":"orthographic"},{"name":"Back","orthographic":{"xmag":179.95700073242188,"ymag":179.95700073242188,"zfar":985.50927734375,"znear":947.9510498046875},"type":"orthographic"},{"name":"Left","orthographic":{"xmag":35.3296012878418,"ymag":35.3296012878418,"zfar":171.1225128173828,"znear":139.1575164794922},"type":"orthographic"}],"images":[{"uri":"./page1obj_v3_resources/Default_10_normal.png"},{"uri":"./page1obj_v3_resources/Default_10_color.png"},{"uri":"./page1obj_v3_resources/Default_10_roughness_metalness.png"}],"materials":[{"doubleSided":true,"normalTexture":{"index":0,"scale":-1},"pbrMetallicRoughness":{"baseColorTexture":{"index":1},"metallicRoughnessTexture":{"index":2}}}],"meshes":[{"name":"Default(D63A3606-FF84-4F48-9791-4358D7CB3DE5)-mesh","primitives":[{"attributes":{"NORMAL":1,"POSITION":0,"TEXCOORD_0":2},"indices":3,"material":0,"mode":4}]}],"nodes":[{"camera":0,"matrix":[-0.2995518785026361,-1.3563158152152255e-07,0.954080014846979,0.0,0.4102784599568075,0.9028168581780487,0.1288149881846335,0.0,-0.8613595366477966,0.43002524971961975,-0.2704404294490814,0.0,-143.2232208251953,89.00008392333984,-44.96707534790039,1.0],"name":"active"},{"camera":1,"matrix":[0.6046094334976804,0.796521424915765,2.5299609873741247e-07,0.0,-0.7342844647400194,0.5573675764722483,0.38751225489334645,0.0,0.3086619973182678,-0.23429399728775024,0.9218639731407166,0.0,20.675800323486328,0.6246640086174011,71.49220275878906,1.0],"name":"Perspective"},{"camera":2,"matrix":[1.0,0.0,0.0,0.0,0.0,1.0,0.0,0.0,0.0,0.0,1.0,0.0,-5.020589828491211,20.71649932861328,67.07879638671875,1.0],"name":"Top"},{"camera":3,"matrix":[-1.0,0.0,0.0,0.0,0.0,0.0,1.0,0.0,0.0,1.0,0.0,0.0,2.4429500102996826,99.1073989868164,-11.792400360107422,1.0],"name":"Back"},{"camera":4,"matrix":[0.0,-1.0,0.0,0.0,0.0,0.0,1.0,0.0,-1.0,0.0,0.0,0.0,-100.13999938964844,4.038869857788086,2.764080047607422,1.0],"name":"Left"},{"camera":5,"matrix":[0.9964942072406799,0.08366523750076693,-2.366127382913419e-08,0.0,-0.04846591525165799,0.5772531642353288,0.8151261519339335,0.0,0.06819769740104675,-0.8122680187225342,0.5792840123176575,0.0,3.6934800148010254,-29.27589988708496,35.86830139160156,1.0],"name":"Perspective"},{"camera":6,"matrix":[1.0,0.0,0.0,0.0,0.0,1.0,0.0,0.0,0.0,0.0,1.0,0.0,-55.095401763916016,21.172700881958008,66.63310241699219,1.0],"name":"Top"},{"camera":7,"matrix":[-1.0,0.0,0.0,0.0,0.0,0.0,1.0,0.0,0.0,1.0,0.0,0.0,-52.557498931884766,999.1300048828125,-12.238100051879883,1.0],"name":"Back"},{"camera":8,"matrix":[0.0,-1.0,0.0,0.0,0.0,0.0,1.0,0.0,-1.0,0.0,0.0,0.0,-155.13999938964844,3.9155499935150146,2.318419933319092,1.0],"name":"Left"},{"matrix":[1.0,0.0,0.0,0.0,0.0,0.15643399953842163,-0.9876880049705505,0.0,0.0,0.9876880049705505,0.15643399953842163,0.0,0.0,0.1041949987411499,18.993999481201172,1.0],"mesh":0,"name":"Default(D63A3606-FF84-4F48-9791-4358D7CB3DE5)"},{"children":[9],"name":"Default"},{"children":[10],"matrix":[1.0,0.0,0.0,0.0,0.0,1.0,0.0,0.0,0.0,0.0,1.0,0.0,-55.108001708984375,16.611499786376953,-15.739399909973145,1.0],"name":"bplsurface2_mesh"},{"children":[11],"name":"Default"},{"children":[12],"matrix":[0.001,0.0,0.0,0.0,0.0,0.001,0.0,0.0,0.0,0.0,0.001,0.0,0.0,0.0,0.0,1.0],"name":"lux_root"}],"samplers":[{"magFilter":9729,"minFilter":9987,"wrapS":10497,"wrapT":10497},{"magFilter":9729,"minFilter":9987,"wrapS":10497,"wrapT":10497},{"magFilter":9729,"minFilter":9987,"wrapS":10497,"wrapT":10497}],"scenes":[{"nodes":[0,1,2,3,4,5,6,7,8,13]}],"textures":[{"sampler":0,"source":0},{"sampler":1,"source":1},{"sampler":2,"source":2}]}   